$coord
    1.32806430900000     -2.24208100900000      6.34843055302778      c
    2.70844762900000      0.00000000000000      6.31729274302778      c
    1.32806430900000      2.24208100900000      6.34843055302778      c
   -1.32806430900000      2.24208100900000      6.34843055302778      c
   -2.70844762900000      0.00000000000000      6.31729274302778      c
   -1.32806430900000     -2.24208100900000      6.34843055302778      c
    2.15253009500000      5.01424302200000      6.35308104602778      c
    1.32834539300000      6.10776389000000      3.80593774502778      c
   -1.32834539300000      6.10776389000000      3.80593774502778      c
   -2.15253009500000      5.01424302200000      6.35308104602778      c
    2.70851858400000      6.96044201900000      1.73275172202778      c
    1.32795309200000      7.87035738100000     -0.31689468897222      c
   -1.32795309200000      7.87035738100000     -0.31689468897222      c
   -2.70851858400000      6.96044201900000      1.73275172202778      c
    0.00000000000000      6.12402693500000      8.04031203802778      c
    2.15253009500000     -5.01424302200000      6.35308104602778      c
   -2.15253009500000     -5.01424302200000      6.35308104602778      c
   -1.32834539300000     -6.10776389000000      3.80593774502778      c
    1.32834539300000     -6.10776389000000      3.80593774502778      c
   -2.70851858400000     -6.96044201900000      1.73275172202778      c
   -1.32795309200000     -7.87035738100000     -0.31689468897222      c
    1.32795309200000     -7.87035738100000     -0.31689468897222      c
    2.70851858400000     -6.96044201900000      1.73275172202778      c
    0.00000000000000     -6.12402693500000      8.04031203802778      c
    2.15477886100000     -8.93626656900000     -2.87481673097222      c
    1.32961275400000     -6.99043011700000     -4.84645710297222      c
   -1.32961275400000     -6.99043011700000     -4.84645710297222      c
   -2.15477886100000     -8.93626656900000     -2.87481673097222      c
    2.67470495500000     -5.37441161500000     -6.40503330297222      c
    1.31677287900000     -3.75153360700000     -8.00542845497222      c
   -1.31677287900000     -3.75153360700000     -8.00542845497222      c
   -2.67470495500000     -5.37441161500000     -6.40503330297222      c
    0.00000000000000    -10.91544545700000     -3.26336622297222      c
   -2.15477886100000      8.93626656900000     -2.87481673097222      c
   -1.32961275400000      6.99043011700000     -4.84645710297222      c
    1.32961275400000      6.99043011700000     -4.84645710297222      c
    2.15477886100000      8.93626656900000     -2.87481673097222      c
   -2.67470495500000      5.37441161500000     -6.40503330297222      c
   -1.31677287900000      3.75153360700000     -8.00542845497222      c
    1.31677287900000      3.75153360700000     -8.00542845497222      c
    2.67470495500000      5.37441161500000     -6.40503330297222      c
    0.00000000000000     10.91544545700000     -3.26336622297222      c
    4.76401118200000      0.00000000000000      6.31253850702778      h
   -4.76401118200000      0.00000000000000      6.31253850702778      h
    4.10202021000000      5.38285393800000      6.91332080402778      h
   -4.10202021000000      5.38285393800000      6.91332080402778      h
    4.76399406600000      6.95171137100000      1.72867500602778      h
   -4.76399406600000      6.95171137100000      1.72867500602778      h
    0.00000000000000      5.34317069200000      9.95578784602778      h
    0.00000000000000      8.19220931700000      8.08192626402778      h
    4.10202021000000     -5.38285393800000      6.91332080402778      h
   -4.10202021000000     -5.38285393800000      6.91332080402778      h
   -4.76399406600000     -6.95171137100000      1.72867500602778      h
    4.76399406600000     -6.95171137100000      1.72867500602778      h
    0.00000000000000     -5.34317069200000      9.95578784602778      h
    0.00000000000000     -8.19220931700000      8.08192626402778      h
    4.10387933500000     -9.59505171300000     -3.00191777297222      h
   -4.10387933500000     -9.59505171300000     -3.00191777297222      h
    4.72914806200000     -5.35846141400000     -6.40861026297222      h
    2.33198939300000     -2.48127973000000     -9.25759256497222      h
   -2.33198939300000     -2.48127973000000     -9.25759256497222      h
   -4.72914806200000     -5.35846141400000     -6.40861026297222      h
    0.00000000000000    -12.39110661600000     -1.81451860497222      h
    0.00000000000000    -11.73911386800000     -5.16086455897222      h
   -4.10387933500000      9.59505171300000     -3.00191777297222      h
    4.10387933500000      9.59505171300000     -3.00191777297222      h
   -4.72914806200000      5.35846141400000     -6.40861026297222      h
   -2.33198939300000      2.48127973000000     -9.25759256497222      h
    2.33198939300000      2.48127973000000     -9.25759256497222      h
    4.72914806200000      5.35846141400000     -6.40861026297222      h
    0.00000000000000     12.39110661600000     -1.81451860497222      h
    0.00000000000000     11.73911386800000     -5.16086455897222      h
$redundant
     number_of_atoms            72
     degrees_of_freedom         57
     internal_coordinates       73
     frozen_coordinates          0
# definitions of redundant internals
   1 k  0.8660254037844 tors   26   29   30   31 val=   0.31048
       -0.8660254037844 tors   29   30   31   32
        0.8660254037844 tors   31   32   27   26
       -0.8660254037844 tors   32   27   26   29
   2 k  1.0000000000000 outp   59   30   26   29 val=  -0.29390
   3 k  1.0000000000000 stre   25   57           val=   2.06135
   4 k  1.0000000000000 stre   15   50           val=   2.06860
   5 k  1.0000000000000 stre   29   30           val=   2.65311
   6 k  1.0000000000000 stre   35   38           val=   2.61724
   7 k  1.0000000000000 stre    7   45           val=   2.06161
   8 k  1.0000000000000 stre   29   59           val=   2.05451
   9 k  1.0000000000000 stre   15   49           val=   2.06852
  10 k  1.0000000000000 stre   30   60           val=   2.05235
  11 k  1.0000000000000 stre   33   63           val=   2.06803
  12 k  1.0000000000000 stre   33   64           val=   2.06856
  13 k  1.0000000000000 stre   39   40           val=   2.63355
  14 k  1.0000000000000 stre    2   43           val=   2.05557
  15 k  1.0000000000000 stre   11   47           val=   2.05550
  16 k  1.0000000000000 outp   47   12    8   11 val=   1.01565
  17 k  1.0000000000000 outp   43    3    1    2 val=   1.15971
  18 k  0.7071068395955 bend    8   47   11      val=   0.01008
       -0.7071067227776 bend   12   47   11
  19 k  0.7071069804866 bend   26   59   29      val=   0.45848
       -0.7071065818865 bend   30   59   29
  20 k -0.8530440160972 bend   50   49   15      val=  12.13163
        0.2608472162479 bend    7   49   15
        0.2609917298998 bend    7   50   15
        0.2608472162479 bend   10   49   15
        0.2609917298998 bend   10   50   15
  21 k -0.8533926418502 bend   64   63   33      val=  12.04201
        0.2608828734518 bend   25   63   33
        0.2603855329267 bend   25   64   33
        0.2608828734518 bend   28   63   33
        0.2603855329267 bend   28   64   33
  22 k  0.7071067812555 bend   31   60   30      val=   0.04023
       -0.7071067811176 bend   29   60   30
  23 k -0.0001207818936 bend   50   49   15      val=   0.00180
        0.5000397401575 bend    7   49   15
       -0.4999602493890 bend    7   50   15
        0.5000397401575 bend   10   49   15
       -0.4999602493890 bend   10   50   15
  24 k  0.0006809455833 bend   64   63   33      val=   0.00907
        0.5000802331021 bend   25   63   33
       -0.4999195221404 bend   25   64   33
        0.5000802331021 bend   28   63   33
       -0.4999195221404 bend   28   64   33
  25 k  0.7071232299095 bend    8   45    7      val=  -0.00282
       -0.7070903319477 bend    3   45    7
       -0.0000137285408 bend   15   45    7
  26 k  0.7057093226125 bend   26   57   25      val=   0.10369
       -0.7084909683738 bend   22   57   25
        0.0038600143151 bend   33   57   25
  27 k  1.0000000000000 outp   60   29   31   30 val=  -0.00978
  28 k  0.8660254037844 bend   27   29   26      val=   1.28542
       -0.8660254037844 bend   26   30   29
        0.8660254037844 bend   30   32   31
       -0.8660254037844 bend   31   27   32
  29 k -0.3862064950085 bend   26   57   25      val=   6.20802
       -0.3801112198209 bend   22   57   25
        0.8404522614518 bend   33   57   25
  30 k -0.3815108683766 bend    8   45    7      val=   6.57936
       -0.3815449653194 bend    3   45    7
        0.8419458989448 bend   15   45    7
  31 k  1.0000000000000 tors   28   27   26   32 val= 181.41401
        1.0000000000000 tors   25   27   26   29
  32 k  1.0000000000000 stre    1    2           val=   2.63313
  33 k  1.0000000000000 stre    1    6           val=   2.65613
  34 k  1.0000000000000 stre    1   16           val=   2.89217
  35 k  1.0000000000000 stre    7    8           val=   2.89189
  36 k  1.0000000000000 stre    7   15           val=   2.95157
  37 k  1.0000000000000 stre    8   11           val=   2.63250
  38 k  1.0000000000000 stre    8    9           val=   2.65669
  39 k  1.0000000000000 stre   11   12           val=   2.63343
  40 k  1.0000000000000 stre   12   13           val=   2.65591
  41 k  1.0000000000000 stre   12   37           val=   2.89185
  42 k  1.0000000000000 stre   25   26           val=   2.89042
  43 k  1.0000000000000 stre   25   33           val=   2.95147
  44 k  1.0000000000000 stre   26   27           val=   2.65923
  45 k  0.4791181435764 bend    6    2    1      val=  -8.18563
       -0.8121270176180 bend   16    2    1
        0.3330097772599 bend   16    6    1
  46 k  0.6612112128755 bend    6    2    1      val=   8.11961
        0.0844218845839 bend   16    2    1
       -0.7454345560618 bend   16    6    1
  47 k  1.0000000000000 outp    2   16    6    1 val=   0.59571
  48 k  1.0000000000000 bend    3    1    2      val= 116.74822
  49 k  0.0016552811592 bend    3    8    7      val=   0.31502
        0.7084608007993 bend   15    8    7
       -0.7057482226510 bend   15    3    7
  50 k  0.7122675198921 bend    3    8    7      val= 101.92679
        0.4945350937835 bend   15    8    7
        0.4981064355369 bend   15    3    7
  51 k -0.7019061476800 bend    3    8    7      val=  14.61061
        0.5035060424139 bend   15    8    7
        0.5037950229028 bend   15    3    7
  52 k -0.4421114733136 bend    9   11    8      val=   8.54764
        0.8155439621027 bend    7   11    8
       -0.3733972295591 bend    7    9    8
  53 k  0.6864701032976 bend    9   11    8      val=   7.81747
        0.0397067728627 bend    7   11    8
       -0.7260731157862 bend    7    9    8
  54 k  1.0000000000000 outp   11    7    9    8 val=   0.74735
  55 k  1.0000000000000 bend   12    8   11      val= 116.74479
  56 k -0.4419729345180 bend   13   11   12      val=   8.50947
        0.8155657207557 bend   37   11   12
       -0.3735136949052 bend   37   13   12
  57 k  0.6865926921406 bend   13   11   12      val=   7.79657
        0.0396023292797 bend   37   11   12
       -0.7259628989245 bend   37   13   12
  58 k  1.0000000000000 outp   11   37   13   12 val=  -1.12090
  59 k  1.0000000000000 bend   10    7   15      val=  93.65273
  60 k  0.0246644562673 bend   22   26   25      val=   4.03716
       -0.6909039819654 bend   33   26   25
        0.7225256758769 bend   33   22   25
  61 k  0.7036007178928 bend   22   26   25      val= 101.75167
        0.5254236920622 bend   33   26   25
        0.4784098385281 bend   33   22   25
  62 k -0.7101673706795 bend   22   26   25      val=  13.62375
        0.4965698657027 bend   33   26   25
        0.4990798273805 bend   33   22   25
  63 k  1.0000000000000 bend   25   27   26      val= 106.58771
  64 k  1.0000000000000 bend   28   25   33      val=  93.78436
  65 k  1.0000000000000 tors    3    2    1    6 val=  91.06766
        1.0000000000000 tors    3    2    1   16
  66 k  1.0000000000000 tors   19   16    1    2 val= 106.07406
        1.0000000000000 tors   19   16    1    6
        1.0000000000000 tors   24   16    1    2
        1.0000000000000 tors   24   16    1    6
  67 k  1.0000000000000 tors    9    8    7    3 val= 106.17401
        1.0000000000000 tors    9    8    7   15
        1.0000000000000 tors   11    8    7    3
        1.0000000000000 tors   11    8    7   15
  68 k  1.0000000000000 tors   10   15    7    3 val=   0.00152
        1.0000000000000 tors   10   15    7    8
  69 k  1.0000000000000 tors   12   11    8    7 val=  90.94363
        1.0000000000000 tors   12   11    8    9
  70 k  1.0000000000000 tors   13   12   11    8 val=  89.33747
        1.0000000000000 tors   37   12   11    8
  71 k  1.0000000000000 tors   36   37   12   11 val=  73.42942
        1.0000000000000 tors   36   37   12   13
        1.0000000000000 tors   42   37   12   11
        1.0000000000000 tors   42   37   12   13
  72 k  1.0000000000000 tors   27   26   25   22 val= -15.76566
        1.0000000000000 tors   27   26   25   33
  73 k  1.0000000000000 tors   28   33   25   22 val=  -0.09210
        1.0000000000000 tors   28   33   25   26
        57 non zero eigenvalues  of BmBt
           1           4.976706747    1    0
         1
           2           4.056277228    2    0
         2
           3           3.406250633    3    0
         3
           4           3.048678455    4    0
         4
           5           3.048669359    5    0
         5
           6           2.663854039    6    0
         6
           7           2.249561345    7    0
         7
           8           2.249146391    8    0
         8
           9           2.005610533    9    0
         9
          10           2.004537297   10    0
        10
          11           2.000747603   11    0
        11
          12           1.993306624   12    0
        12
          13           1.963374652   13    0
        13
          14           1.960766484   14    0
        14
          15           1.803604865   15    0
        15
          16           1.569898594   16    0
        16
          17           1.331888505   17    0
        17
          18           1.241138600   18    0
        18
          19           1.066258718   19    0
        19
          20           0.953927273   20    0
        20
          21           0.823214932   21    0
        21
          22           0.802711305   22    0
        22
          23           0.802165856   23    0
        23
          24           0.792106032   24    0
        24
          25           0.444164822   25    0
        25
          26           0.443889662   26    0
        26
          27           0.423073368   27    0
        27
          28           0.378007203   28    0
        28
          29           0.336835851   29    0
        29
          30           0.298606085   30    0
        30
          31           0.081297753   31    0
        31
          32           2.674687837   32    0
        32
          33           2.415201975   33    0
        33
          34           2.375551313   34    0
        34
          35           1.874403166   35    0
        35
          36           1.836353216   36    0
        36
          37           1.616765734   37    0
        37
          38           1.349254680   38    0
        38
          39           0.592049641   39    0
        39
          40           0.578316163   40    0
        40
          41           0.386291280   41    0
        41
          42           0.292067436   42    0
        42
          43           0.251447368   43    0
        43
          44           0.235044621   44    0
        44
          45           0.713368787    0    0
         0.000000000         0.000000000         0.000000000         0.000000000
         0.000000000         0.000000000         0.000000000         0.000000000
         0.000000000         0.000000000         0.000000000         0.000000000
         0.000000000         0.000000000         0.000000000         0.000000000
         0.000000000         0.000000000         0.000000000         0.000000000
         0.000000000         0.000000000         0.000000000         0.000000000
         0.000000000         0.000000000         0.000000000         0.000000000
         0.000000000         0.000000000         0.000000000         0.000000000
         0.000000000         0.000000000         0.000000000         0.000000000
         0.000000000         0.000000000         0.000000000         0.000000000
         0.000000000         0.000000000         0.000000000         0.000000000
         0.132945867         0.078448733         0.254421058        -0.164755409
        -0.075276223         0.230657486        -0.484353569        -0.036130515
         0.034613602         0.594160365        -0.073128067        -0.025961914
         0.029519088         0.414660610        -0.030173211         0.087629098
        -0.062700585         0.208954384        -0.007657359        -0.014872979
         0.000000000         0.000000000         0.000000000         0.000000000
         0.000000000         0.000000000         0.000000000         0.000000000
         0.000000000
          46           0.515042901    0    0
         0.000000000         0.000000000         0.000000000         0.000000000
         0.000000000         0.000000000         0.000000000         0.000000000
         0.000000000         0.000000000         0.000000000         0.000000000
         0.000000000         0.000000000         0.000000000         0.000000000
         0.000000000         0.000000000         0.000000000         0.000000000
         0.000000000         0.000000000         0.000000000         0.000000000
         0.000000000         0.000000000         0.000000000         0.000000000
         0.000000000         0.000000000         0.000000000         0.000000000
         0.000000000         0.000000000         0.000000000         0.000000000
         0.000000000         0.000000000         0.000000000         0.000000000
         0.000000000         0.000000000         0.000000000         0.000000000
         0.059672111         0.234962067         0.258106206        -0.261508721
         0.058295879         0.432200038        -0.064787906         0.039804963
         0.195333895        -0.006658483        -0.237819510        -0.173774006
         0.065142630        -0.514064230        -0.304099310        -0.115649909
         0.092729511        -0.318723534         0.012566926         0.024408891
         0.000000000         0.000000000         0.000000000         0.000000000
         0.000000000         0.000000000         0.000000000         0.000000000
         0.000000000
          47           0.468857794    0    0
         0.000000000         0.000000000         0.000000000         0.000000000
         0.000000000         0.000000000         0.000000000         0.000000000
         0.000000000         0.000000000         0.000000000         0.000000000
         0.000000000         0.000000000         0.000000000         0.000000000
         0.000000000         0.000000000         0.000000000         0.000000000
         0.000000000         0.000000000         0.000000000         0.000000000
         0.000000000         0.000000000         0.000000000         0.000000000
         0.000000000         0.000000000         0.000000000         0.000000000
         0.000000000         0.000000000         0.000000000         0.000000000
         0.000000000         0.000000000         0.000000000         0.000000000
         0.000000000         0.000000000         0.000000000         0.000000000
         0.054752497        -0.246620618         0.291966848         0.191438318
         0.074401928        -0.333670242        -0.477845503        -0.246774813
        -0.150079867         0.083905052        -0.016108699         0.002806334
         0.015438291        -0.387852195         0.389357288        -0.090539472
         0.129810860        -0.223161530        -0.016080318        -0.031232994
         0.000000000         0.000000000         0.000000000         0.000000000
         0.000000000         0.000000000         0.000000000         0.000000000
         0.000000000
          48           0.446608551    0    0
         0.000000000         0.000000000         0.000000000         0.000000000
         0.000000000         0.000000000         0.000000000         0.000000000
         0.000000000         0.000000000         0.000000000         0.000000000
         0.000000000         0.000000000         0.000000000         0.000000000
         0.000000000         0.000000000         0.000000000         0.000000000
         0.000000000         0.000000000         0.000000000         0.000000000
         0.000000000         0.000000000         0.000000000         0.000000000
         0.000000000         0.000000000         0.000000000         0.000000000
         0.000000000         0.000000000         0.000000000         0.000000000
         0.000000000         0.000000000         0.000000000         0.000000000
         0.000000000         0.000000000         0.000000000         0.000000000
         0.142667812         0.034212720        -0.029069457        -0.128832325
        -0.090633068        -0.031698042        -0.065298283         0.211804421
        -0.140324140         0.097487671         0.379619138        -0.047464076
        -0.307063345        -0.074580018         0.043014595        -0.084832693
        -0.510596989        -0.287265996         0.240044487         0.466241286
         0.000000000         0.000000000         0.000000000         0.000000000
         0.000000000         0.000000000         0.000000000         0.000000000
         0.000000000
          49           0.365883094    0    0
         0.000000000         0.000000000         0.000000000         0.000000000
         0.000000000         0.000000000         0.000000000         0.000000000
         0.000000000         0.000000000         0.000000000         0.000000000
         0.000000000         0.000000000         0.000000000         0.000000000
         0.000000000         0.000000000         0.000000000         0.000000000
         0.000000000         0.000000000         0.000000000         0.000000000
         0.000000000         0.000000000         0.000000000         0.000000000
         0.000000000         0.000000000         0.000000000         0.000000000
         0.000000000         0.000000000         0.000000000         0.000000000
         0.000000000         0.000000000         0.000000000         0.000000000
         0.000000000         0.000000000         0.000000000         0.000000000
         0.394247861         0.131169654        -0.290020583        -0.388062773
        -0.284555916        -0.094517227         0.010892592         0.134777198
        -0.119134832         0.175488513         0.281221422         0.328245396
         0.007092536        -0.226795752         0.067989209        -0.076782443
         0.330597458         0.024915501        -0.130058681        -0.252614536
         0.000000000         0.000000000         0.000000000         0.000000000
         0.000000000         0.000000000         0.000000000         0.000000000
         0.000000000
          50           0.286120860    0    0
         0.000000000         0.000000000         0.000000000         0.000000000
         0.000000000         0.000000000         0.000000000         0.000000000
         0.000000000         0.000000000         0.000000000         0.000000000
         0.000000000         0.000000000         0.000000000         0.000000000
         0.000000000         0.000000000         0.000000000         0.000000000
         0.000000000         0.000000000         0.000000000         0.000000000
         0.000000000         0.000000000         0.000000000         0.000000000
         0.000000000         0.000000000         0.000000000         0.000000000
         0.000000000         0.000000000         0.000000000         0.000000000
         0.000000000         0.000000000         0.000000000         0.000000000
         0.000000000         0.000000000         0.000000000         0.000000000
         0.232548671         0.081473746         0.577770276        -0.239721945
         0.235042638        -0.006943739        -0.074400871         0.129292618
        -0.080359002        -0.549813277         0.226533043         0.178484020
        -0.045856458         0.173257815         0.026555546         0.027284823
         0.004981347         0.200344991        -0.031690588        -0.061553010
         0.000000000         0.000000000         0.000000000         0.000000000
         0.000000000         0.000000000         0.000000000         0.000000000
         0.000000000
          51           0.192687986    0    0
         0.000000000         0.000000000         0.000000000         0.000000000
         0.000000000         0.000000000         0.000000000         0.000000000
         0.000000000         0.000000000         0.000000000         0.000000000
         0.000000000         0.000000000         0.000000000         0.000000000
         0.000000000         0.000000000         0.000000000         0.000000000
         0.000000000         0.000000000         0.000000000         0.000000000
         0.000000000         0.000000000         0.000000000         0.000000000
         0.000000000         0.000000000         0.000000000         0.000000000
         0.000000000         0.000000000         0.000000000         0.000000000
         0.000000000         0.000000000         0.000000000         0.000000000
         0.000000000         0.000000000         0.000000000         0.000000000
        -0.439659399        -0.077638626         0.210193503         0.366428678
         0.058686574         0.234398641        -0.004336708         0.354868448
        -0.061106239         0.227628700         0.394181722         0.318754804
        -0.084651567        -0.127115494        -0.174010328        -0.181756079
         0.142301291         0.043702633        -0.058890949        -0.114384596
         0.000000000         0.000000000         0.000000000         0.000000000
         0.000000000         0.000000000         0.000000000         0.000000000
         0.000000000
          52           0.047818208    0    0
         0.000000000         0.000000000         0.000000000         0.000000000
         0.000000000         0.000000000         0.000000000         0.000000000
         0.000000000         0.000000000         0.000000000         0.000000000
         0.000000000         0.000000000         0.000000000         0.000000000
         0.000000000         0.000000000         0.000000000         0.000000000
         0.000000000         0.000000000         0.000000000         0.000000000
         0.000000000         0.000000000         0.000000000         0.000000000
         0.000000000         0.000000000         0.000000000         0.000000000
         0.000000000         0.000000000         0.000000000         0.000000000
         0.000000000         0.000000000         0.000000000         0.000000000
         0.000000000         0.000000000         0.000000000         0.000000000
         0.067088389         0.019850334        -0.230255855        -0.055442614
         0.348245110         0.021113736        -0.114002383        -0.050160786
         0.014009406        -0.028979356        -0.057580624        -0.038039365
         0.019631355         0.170926665         0.016983631        -0.870190235
        -0.010513689         0.093475235         0.001639315         0.003184062
         0.000000000         0.000000000         0.000000000         0.000000000
         0.000000000         0.000000000         0.000000000         0.000000000
         0.000000000
          53           0.040371875    0    0
         0.000000000         0.000000000         0.000000000         0.000000000
         0.000000000         0.000000000         0.000000000         0.000000000
         0.000000000         0.000000000         0.000000000         0.000000000
         0.000000000         0.000000000         0.000000000         0.000000000
         0.000000000         0.000000000         0.000000000         0.000000000
         0.000000000         0.000000000         0.000000000         0.000000000
         0.000000000         0.000000000         0.000000000         0.000000000
         0.000000000         0.000000000         0.000000000         0.000000000
         0.000000000         0.000000000         0.000000000         0.000000000
         0.000000000         0.000000000         0.000000000         0.000000000
         0.000000000         0.000000000         0.000000000         0.000000000
        -0.075927364        -0.034234759         0.279231479         0.074501844
        -0.820988665        -0.012834379         0.046220437        -0.052191964
         0.030296678        -0.195581361        -0.080019037        -0.056696098
         0.026670423         0.179822467        -0.002377549        -0.375519148
         0.033910133        -0.080177182         0.003586494         0.006966090
         0.000000000         0.000000000         0.000000000         0.000000000
         0.000000000         0.000000000         0.000000000         0.000000000
         0.000000000
          54           0.018197922    0    0
         0.000000000         0.000000000         0.000000000         0.000000000
         0.000000000         0.000000000         0.000000000         0.000000000
         0.000000000         0.000000000         0.000000000         0.000000000
         0.000000000         0.000000000         0.000000000         0.000000000
         0.000000000         0.000000000         0.000000000         0.000000000
         0.000000000         0.000000000         0.000000000         0.000000000
         0.000000000         0.000000000         0.000000000         0.000000000
         0.000000000         0.000000000         0.000000000         0.000000000
         0.000000000         0.000000000         0.000000000         0.000000000
         0.000000000         0.000000000         0.000000000         0.000000000
         0.000000000         0.000000000         0.000000000         0.000000000
         0.063720857         0.000735100         0.314644067        -0.061378024
        -0.009850603        -0.223754943         0.444275414        -0.066225276
         0.004965056         0.319541186        -0.094382991        -0.068228353
         0.005812858        -0.363080260         0.036933787        -0.147373956
        -0.251657443         0.552969581         0.017702748         0.034384260
         0.000000000         0.000000000         0.000000000         0.000000000
         0.000000000         0.000000000         0.000000000         0.000000000
         0.000000000
          55           0.012979332    0    0
         0.000000000         0.000000000         0.000000000         0.000000000
         0.000000000         0.000000000         0.000000000         0.000000000
         0.000000000         0.000000000         0.000000000         0.000000000
         0.000000000         0.000000000         0.000000000         0.000000000
         0.000000000         0.000000000         0.000000000         0.000000000
         0.000000000         0.000000000         0.000000000         0.000000000
         0.000000000         0.000000000         0.000000000         0.000000000
         0.000000000         0.000000000         0.000000000         0.000000000
         0.000000000         0.000000000         0.000000000         0.000000000
         0.000000000         0.000000000         0.000000000         0.000000000
         0.000000000         0.000000000         0.000000000         0.000000000
        -0.069829966        -0.011186759        -0.300304002         0.086708137
        -0.205234356         0.225166799        -0.484067499         0.025060081
         0.008405888        -0.322507235         0.001328654        -0.015026008
        -0.009435849        -0.341227306        -0.025902647         0.058106767
        -0.231086381         0.539303825         0.009110759         0.017695936
         0.000000000         0.000000000         0.000000000         0.000000000
         0.000000000         0.000000000         0.000000000         0.000000000
         0.000000000
          56           0.070389260    0    0
         0.000000000         0.000000000         0.000000000         0.000000000
         0.000000000         0.000000000         0.000000000         0.000000000
         0.000000000         0.000000000         0.000000000         0.000000000
         0.000000000         0.000000000         0.000000000         0.000000000
         0.000000000         0.000000000         0.000000000         0.000000000
         0.000000000         0.000000000         0.000000000         0.000000000
         0.000000000         0.000000000         0.000000000         0.000000000
         0.000000000         0.000000000         0.000000000         0.000000000
         0.000000000         0.000000000         0.000000000         0.000000000
         0.000000000         0.000000000         0.000000000         0.000000000
         0.000000000         0.000000000         0.000000000         0.000000000
         0.000000000         0.000000000         0.000000000         0.000000000
         0.000000000         0.000000000         0.000000000         0.000000000
         0.000000000         0.000000000         0.000000000         0.000000000
         0.000000000         0.000000000         0.000000000         0.000000000
         0.000000000         0.000000000         0.000000000         0.000000000
         0.652290642         0.000000000         0.000000000         0.000000000
        -0.535939122         0.535990836         0.000000000         0.000000000
         0.000000000
          57           0.002880495    0    0
         0.000000000         0.000000000         0.000000000         0.000000000
         0.000000000         0.000000000         0.000000000         0.000000000
         0.000000000         0.000000000         0.000000000         0.000000000
         0.000000000         0.000000000         0.000000000         0.000000000
         0.000000000         0.000000000         0.000000000         0.000000000
         0.000000000         0.000000000         0.000000000         0.000000000
         0.000000000         0.000000000         0.000000000         0.000000000
         0.000000000         0.000000000         0.000000000         0.000000000
         0.000000000         0.000000000         0.000000000         0.000000000
         0.000000000         0.000000000         0.000000000         0.000000000
         0.000000000         0.000000000         0.000000000         0.000000000
         0.000000000         0.000000000         0.000000000         0.000000000
         0.000000000         0.000000000         0.000000000         0.000000000
         0.000000000         0.000000000         0.000000000         0.000000000
         0.000000000         0.000000000         0.000000000         0.000000000
         0.000000000         0.000000000         0.000000000         0.000000000
        -0.757968939         0.000000000         0.000000000         0.000000000
        -0.461287772         0.461190502         0.000000000         0.000000000
         0.000000000
$user-defined bonds
$end
