   3  1  1
     16.05919258160130      0.00000000000000      0.00000000000000
      0.00000000000000     12.00000000000000      0.00000000000000
      0.00000000000000      0.00000000000000     14.97388777277362
  1
      1.00000000000000      0.00000000000000      0.00000000000000
      0.00000000000000      1.00000000000000      0.00000000000000
      0.00000000000000      0.00000000000000      1.00000000000000
      0.00000000000000      0.00000000000000      0.00000000000000
   8
   8      0.00000000000000      0.00000000000000      1.75204082667442
   7      1.16197897168010      0.00000000000000     -0.21441967001176
   7     -1.16197897168010      0.00000000000000     -0.21441967001176
   6      0.00000000000000      0.00000000000000      0.52580399098445
   1      2.02959629080065      0.00000000000000      0.29734421228152
   1      1.19011685905708      0.00000000000000     -1.22184694609920
   1     -2.02959629080065      0.00000000000000      0.29734421228152
   1     -1.19011685905708      0.00000000000000     -1.22184694609920
