$coord
    0.00000000000000      2.67618807900000      0.00000000000000      c
    0.00000000000000     -2.67618807900000      0.00000000000000      c
    2.33598888200000     -1.28360826200000      0.00000000000000      c
    2.33598888200000      1.28360826200000      0.00000000000000      c
   -2.33598888200000     -1.28360826200000      0.00000000000000      c
   -2.33598888200000      1.28360826200000      0.00000000000000      c
    0.00000000000000     -5.31498375400000      0.00000000000000      c
    0.00000000000000      5.31498375400000      0.00000000000000      c
    2.28826395600000      6.71755280100000      0.00000000000000      c
   -2.28826395600000      6.71755280100000      0.00000000000000      c
    2.28826395600000     -6.71755280100000      0.00000000000000      c
   -2.28826395600000     -6.71755280100000      0.00000000000000      c
   -4.17903008800000      7.84282141600000      0.00000000000000      n
    4.17903008800000      7.84282141600000      0.00000000000000      n
    4.17903008800000     -7.84282141600000      0.00000000000000      n
   -4.17903008800000     -7.84282141600000      0.00000000000000      n
    4.10398762800000      2.32451332700000      0.00000000000000      h
    4.10398762800000     -2.32451332700000      0.00000000000000      h
   -4.10398762800000     -2.32451332700000      0.00000000000000      h
   -4.10398762800000      2.32451332700000      0.00000000000000      h
$redundant
     number_of_atoms            20
     degrees_of_freedom         10
     internal_coordinates       10
     frozen_coordinates          0
# definitions of redundant internals
   1 k  1.0000000000000 stre   16   12           val=   2.20028
   2 k  1.0000000000000 stre    3   18           val=   2.05166
   3 k  1.0000000000000 stre    6    5           val=   2.56722
   4 k  1.0000000000000 stre    1    8           val=   2.63880
   5 k  1.0000000000000 stre    7   11           val=   2.68391
   6 k  1.0000000000000 stre    1    6           val=   2.71958
   7 k -0.7071067811865 bend    4   18    3      val=  -0.88781
        0.7071067811865 bend    2   18    3
   8 k  0.8164965809277 bend   12   11    7      val=  -2.60814
       -0.4082482904639 bend    2   11    7
       -0.4082482904639 bend    2   12    7
   9 k -0.5000000000000 bend    1    5    6      val=  -1.38724
       -0.5000000000000 bend    6    2    5
        1.0000000000000 bend    5    3    2
       -0.5000000000000 bend    2    4    3
       -0.5000000000000 bend    3    1    4
        1.0000000000000 bend    4    6    1
  10 k  1.0000000000000 linc   16    7   12   11 val=   0.00000
        10 non zero eigenvalues  of BmBt
           1           4.420365758    1    0
         1
           2           3.440472036    2    0
         2
           3           2.529896962    3    0
         3
           4           2.221936000    4    0
         4
           5           1.335753920    5    0
         5
           6           0.615411817    6    0
         6
           7           0.359509207    7    0
         7
           8           0.334549566    8    0
         8
           9           0.176610468    9    0
         9
          10           0.044426121   10    0
        10
$user-defined bonds
$end
