$coord
   -2.81356907962518      2.19579235882671      0.00000000000000      n
   -0.87013375076507      2.29261594535110      0.00000000000000      h
   -3.88471384955927     -0.19129920255134      0.00000000000000      c
   -2.55675480455867     -2.10576316195892      0.00000000000000      o
   -6.61876537330196     -0.23269341836283      0.00000000000000      c
   -7.57490663938498     -2.02699493862756      0.00000000000000      h
   -7.90075117890490      1.97152566455319      0.00000000000000      c
   -9.93953344660653      2.05976299527175      0.00000000000000      h
   -6.67775229688442      4.24168797901042      0.00000000000000      n
   -7.63962519292596      5.88285550390011      0.00000000000000      h
   -4.06358420872439      4.49039639866219      0.00000000000000      c
   -3.02114521783375      6.53132991956360      0.00000000000000      o
    6.41344770686323      0.10020863416728      0.00000000000000      n
    7.25861596448777      1.81338369768054      0.00000000000000      h
    8.03114357508065     -2.00611371671461      0.00000000000000      c
   10.31667668239833     -1.71943391171106      0.00000000000000      o
    6.68146635231195     -4.39127603062171      0.00000000000000      c
    7.75215600098729     -6.12043353985572      0.00000000000000      h
    4.13001673788161     -4.39849077273345      0.00000000000000      c
    3.03971423690973     -6.12374414622965      0.00000000000000      h
    2.73541505916123     -2.22364119000341      0.00000000000000      n
    0.79592059576180     -2.26416221442048      0.00000000000000      h
    3.81779525907101      0.12843485911219      0.00000000000000      c
    2.58886686816050      2.09605228769163      0.00000000000000      o
$end
